32.28
10.99
16.52
38.02
54.33
14.72
14.72
14.31
30.09
9.6
12.46
13.03
15.98
9.4
15.6
14.65
17.73
11.0
19.49
14.9
9.99
12.81
18.55
10.0
18.45
9.6
17.31
10.96
12.93
7.55
16.13
13.52
17.57
14.62
16.71
14.04
10.51
8.69
21.67
19.03
9.79
15.41
12.7
16.79
9.6
15.68
10.72
11.17
14.44
16.11
11.42
19.32
12.71
15.73
10.95
16.72
7.34
19.92
11.81
20.82
11.78
14.39
117.71
17.83
11.23
10.65
11.26
13.92
11.12
17.19
10.38
14.65
10.13
12.02
11.91
11.68
13.67
9.35
183.34
10.46
13.4
7.25
10.76
9.88
15.08
13.7
16.51
7.39
13.45
13.17
14.54
10.61
14.74
13.34
15.11
10.54
24.94
7.63
8.74
14.32
