S1
Power Regression: 
109.37 x^ -0.26  (R^2 = 0.841)

-------------RESULTS----------------
        Measured        Predicted

          32.67          27.80
          27.10          25.79
          18.36          21.53
          17.18          19.37
          16.94          17.97
          16.15          16.96
          15.76          16.35
          14.38          15.68
          16.22          15.00
          13.63          14.66
          14.90          14.25
          14.71          13.89
          15.82          13.57

-------------VALIDATION----------------

Selected Memory: 2048 MB
....................................................................................................Successfully wrote to the file.

        Predicted        Validated

          16.96          14.98

Session Time: 14 dk


41.29
13.77
17.81
14.33
16.45
16.62
12.75
14.2
28.08
14.74
14.75
11.41
16.73
13.45
15.96
13.37
13.48
13.82
19.25
13.66
13.51
10.66
14.85
10.55
16.44
9.81
16.43
15.26
19.69
13.44
12.95
15.66
21.67
20.45
13.3
14.53
18.81
19.77
16.02
14.05
15.1
7.18
19.99
13.8
15.19
13.32
14.74
7.92
13.02
11.77
17.88
8.58
16.69
13.36
17.75
9.58
10.99
12.0
22.37
11.15
17.41
7.23
25.32
13.16
14.79
10.77
14.9
7.43
14.58
24.89
15.54
13.32
14.66
13.58
12.67
9.04
17.15
10.3
14.26
29.87
10.8
17.94
18.4
15.16
12.03
11.68
17.7
14.75
13.75
24.0
12.95
15.14
10.45
16.85
10.6
12.28
7.01
16.44
7.86
15.64




//////SERVICE2
Power Regression: 
4.92 x^ -0.15  (R^2 = 0.371)

-------------RESULTS----------------
        Measured        Predicted

          3.29          2.25
          1.68          2.15
          2.12          1.94
          1.43          1.83
          1.47          1.75
          1.60          1.69
          1.56          1.66
          1.63          1.62
          1.48          1.58
          1.53          1.56
          1.71          1.53
          1.67          1.51
          1.75          1.49

-------------VALIDATION----------------

Selected Memory: 2496 MB
....................................................................................................Successfully wrote to the file.

        Predicted        Validated

          1.49          1.18

Session Time: 13 dk

1.11
1.2
1.12
1.22
1.1
1.27
1.19
1.24
1.17
1.28
1.09
0.9
1.31
1.4
1.24
1.33
1.16
1.0
1.71
1.17
1.35
1.04
1.09
1.16
1.23
1.23
1.09
0.87
1.48
1.08
1.46
1.15
1.26
1.21
1.19
1.31
1.13
1.77
1.08
1.1
1.08
1.28
1.3
1.33
1.47
1.38
1.06
1.01
1.19
1.05
1.06
1.22
1.02
0.95
1.04
1.03
1.07
1.11
1.1
1.56
1.25
0.9
1.52
1.01
1.12
1.02
1.22
1.07
1.12
1.08
1.12
1.12
1.05
1.12
1.45
0.97
1.07
1.32
1.4
1.18
1.63
1.27
1.08
1.13
1.18
1.12
1.2
1.07
1.12
1.05
1.14
1.11
1.14
1.07
1.15
1.21
1.17
1.15
1.24
0.93


////SERVICE3
Power Regression: 
106.35 x^ -0.22  (R^2 = 0.358)

-------------RESULTS----------------
        Measured        Predicted

          19.86          33.98
          61.19          31.92
          28.84          27.46
          26.28          25.15
          20.34          23.63
          19.37          22.51
          21.63          21.84
          19.62          21.09
          19.11          20.33
          23.97          19.94
          18.63          19.48
          20.47          19.07
          18.50          18.70

-------------VALIDATION----------------

Selected Memory: 1280 MB
....................................................................................................Successfully wrote to the file.

        Predicted        Validated

          21.84          17.78

          35.89
21.88
12.83
18.95
20.31
18.97
28.06
43.78
12.39
16.82
15.78
18.57
13.09
17.61
15.55
18.71
11.86
29.48
9.96
17.94
15.12
21.14
9.32
21.36
12.1
17.49
12.49
16.02
15.64
18.05
14.76
20.54
19.46
18.9
12.02
20.32
12.66
20.15
16.4
23.08
13.02
22.08
12.86
21.67
16.84
19.71
16.27
21.49
20.37
13.09
11.56
22.93
12.23
16.06
16.65
24.3
12.12
23.0
13.24
16.61
12.14
14.79
22.45
32.55
12.04
29.99
13.31
22.19
11.93
15.61
16.44
19.47
10.62
19.65
14.08
17.67
12.1
17.68
12.39
20.65
19.32
20.31
15.41
18.66
23.27
15.28
12.39
18.22
32.46
14.52
12.75
22.41
15.49
16.63
8.31
18.28
15.37
17.11
12.19
20.71

//////////////////SERVICE4

Power Regression: 
337.80 x^ -0.36  (R^2 = 0.857)

-------------RESULTS----------------
        Measured        Predicted

          51.58          49.88
          55.48          44.93
          31.63          34.91
          27.46          30.13
          24.92          27.13
          21.41          25.02
          20.50          23.78
          19.28          22.43
          22.15          21.08
          20.48          20.41
          23.90          19.62
          19.28          18.94
          21.76          18.33

-------------VALIDATION----------------

Selected Memory: 256 MB
....................................................................................................Successfully wrote to the file.

        Predicted        Validated

          23.78          29.38

Session Time: 9 dk

37.61
17.63
21.02
19.52
22.95
18.25
38.91
20.62
26.92
14.72
21.67
16.7
16.27
13.34
19.26
16.32
21.9
17.15
16.96
39.46
19.9
15.24
20.49
9.96
23.26
23.66
22.7
13.92
43.17
22.53
12.25
19.92
16.46
1034.87
14.11
23.31
14.07
20.93
16.09
16.6
17.84
17.25
20.32
22.1
17.41
19.55
17.04
22.63
15.94
26.13
13.33
18.93
16.57
17.24
16.17
19.21
14.56
16.78
11.33
16.62
14.68
31.27
19.89
16.44
17.2
15.05
23.54
22.61
20.2
10.12
18.53
19.41
23.51
13.71
19.16
10.79
18.32
10.9
20.07
13.09
25.9
13.79
22.58
19.0
23.33
15.96
22.12
14.19
19.13
10.09
15.4
17.52
20.28
12.96
16.39
20.19
28.09
20.09
16.77
28.54



///////////SERVICE5
Power Regression: 
197.90 x^ -0.32  (R^2 = 0.766)

-------------RESULTS----------------
        Measured        Predicted

          39.71          37.70
          42.79          34.43
          27.13          27.67
          20.95          24.34
          16.61          22.23
          17.21          20.72
          19.29          19.83
          16.25          18.85
          18.15          17.87
          21.70          17.37
          18.28          16.79
          17.44          16.28
          17.81          15.83

-------------VALIDATION----------------

Selected Memory: 2240 MB
....................................................................................................Successfully wrote to the file.

        Predicted        Validated

          16.79          15.20

Session Time: 9 dk

28.35
20.68
12.26
16.75
20.95
20.75
14.38
15.6
12.45
18.07
14.69
20.55
13.61
16.46
10.57
13.45
12.82
14.68
10.2
19.45
11.75
16.24
23.63
7.63
21.18
30.07
17.18
12.37
16.3
15.03
22.31
15.7
14.16
38.28
18.22
20.56
12.68
13.19
16.78
9.74
11.97
13.69
25.34
7.38
12.93
17.74
16.04
10.22
15.75
10.32
20.38
12.22
18.52
12.94
14.46
10.41
15.87
13.16
22.29
13.94
15.8
12.0
10.97
11.09
17.66
10.38
13.39
10.24
16.62
12.38
11.88
21.0
19.66
10.66
11.1
12.84
16.26
7.96
17.27
13.7
15.67
7.8
17.11
13.96
14.73
14.18
18.0
7.4
10.52
13.36
14.37
13.41
20.12
10.82
18.26
7.64
14.74
15.9
13.37
10.56


/////SERVICE6
Power Regression: 
294.14 x^ -0.38  (R^2 = 0.812)

-------------RESULTS----------------
        Measured        Predicted

          34.78          39.46
          45.83          35.35
          30.96          27.13
          22.04          23.23
          17.90          20.82
          16.01          19.11
          14.58          18.12
          14.39          17.04
          15.90          15.97
          19.10          15.43
          14.15          14.81
          16.11          14.27
          16.35          13.79

-------------VALIDATION----------------

Selected Memory: 256 MB
....................................................................................................Successfully wrote to the file.

        Predicted        Validated

          14.27          14.71

Session Time: 9 dk

36.91
22.45
11.3
14.75
12.64
21.66
16.96
20.6
14.9
24.28
11.44
11.81
10.45
15.37
13.99
12.95
10.51
17.24
7.23
14.61
10.36
14.75
13.95
11.29
11.43
14.57
13.57
17.18
13.08
16.31
7.18
15.38
8.33
10.11
17.59
17.71
11.39
16.63
17.02
11.44
15.19
10.52
12.35
13.81
27.74
19.8
11.18
18.62
9.68
19.96
11.56
19.13
10.78
18.21
11.16
10.79
10.25
21.97
12.74
18.51
10.62
12.61
14.6
16.04
12.54
14.71
12.47
13.62
13.2
13.28
11.23
18.39
7.12
11.05
13.24
18.07
13.21
17.58
9.43
14.67
15.06
14.15
15.64
17.01
22.35
27.32
12.49
14.43
15.35
19.32
7.77
16.0
13.55
19.82
10.09
12.52
11.37
18.21
11.45
14.12



/////SERVICE7

Power Regression: 
260.81 x^ -0.36  (R^2 = 0.869)

-------------RESULTS----------------
        Measured        Predicted

          41.14          40.09
          44.11          36.18
          27.75          28.27
          20.92          24.47
          19.92          22.08
          17.93          20.40
          16.39          19.41
          17.29          18.33
          16.57          17.25
          16.56          16.71
          18.38          16.08
          17.35          15.53
          17.80          15.04

-------------VALIDATION----------------

Selected Memory: 512 MB
....................................................................................................Successfully wrote to the file.

        Predicted        Validated

          28.27          17.05

Session Time: 8 dk

52.12
12.46
16.53
13.72
17.01
63.97
12.31
15.54
18.29
12.46
13.36
8.62
75.38
12.89
29.06
9.42
17.01
12.2
17.19
10.42
22.25
12.4
14.5
9.74
14.63
11.88
15.12
54.92
19.67
14.46
18.54
8.42
16.46
10.96
18.78
10.65
17.87
19.46
14.89
18.86
13.66
16.96
10.74
21.27
10.43
18.07
15.15
19.59
10.31
9.84
28.0
17.24
13.96
11.0
7.24
24.97
10.08
22.01
15.83
11.1
7.45
15.06
11.64
15.81
10.59
16.41
7.66
17.42
11.54
17.25
11.66
13.2
11.2
18.91
35.73
23.87
26.72
14.16
17.2
11.99
12.97
13.86
14.31
11.83
13.11
8.51
17.94
7.24
16.12
20.24
17.99
12.84
13.82
19.87
16.31
8.43
16.02
13.03
27.83
15.66


/////SERVICE8
Power Regression: 
1265.06 x^ -0.19  (R^2 = 0.753)

-------------RESULTS----------------
        Measured        Predicted

          544.85          462.76
          441.68          437.98
          334.59          383.60
          313.18          354.97
          340.88          335.96
          299.49          321.92
          289.64          313.43
          286.59          303.97
          269.12          294.25
          316.03          289.24
          325.47          283.32
          291.01          278.08
          285.60          273.39

-------------VALIDATION----------------

Selected Memory: 2240 MB
....................................................................................................Successfully wrote to the file.

        Predicted        Validated

          289.24          256.62

Session Time: 10 dk

358.0
288.56
279.75
285.65
308.8
289.34
279.69
238.1
240.39
245.47
261.84
273.01
227.04
267.31
206.41
225.55
250.82
213.47
221.6
278.3
257.25
268.95
257.91
215.62
268.15
212.61
241.97
279.71
227.76
183.59
202.66
365.13
392.58
374.77
325.42
354.39
329.67
282.0
353.43
314.7
317.58
228.28
298.9
269.6
297.35
279.69
285.97
295.91
287.41
338.73
244.78
290.8
203.25
240.51
261.04
207.0
276.17
199.14
213.29
218.91
250.87
255.8
227.78
201.1
183.48
214.78
193.15
194.12
193.34
236.83
219.08
226.33
226.32
257.14
207.69
217.66
208.57
217.69
212.67
218.11
204.83
207.02
207.81
195.75
208.41
244.02
198.02
263.62
232.66
263.25
235.32
301.69
237.45
225.71
212.3
322.2
260.85
348.72
378.17
349.99



////////////////SERVICE9
Power Regression: 
614.60 x^ -0.33  (R^2 = 0.828)

-------------RESULTS----------------
        Measured        Predicted

          126.20          109.91
          115.66          100.03
          68.58          79.72
          49.71          69.81
          65.41          63.54
          54.35          59.06
          52.67          56.42
          52.05          53.53
          51.86          50.64
          53.12          49.17
          50.15          47.46
          48.00          45.97
          49.63          44.65

-------------VALIDATION----------------

Selected Memory: 768 MB
....................................................................................................Successfully wrote to the file.

        Predicted        Validated

          69.81          49.93

Session Time: 9 dk

179.13
58.58
55.34
45.58
123.44
90.26
36.67
51.39
51.29
52.0
40.73
40.92
41.58
44.16
43.31
46.2
47.99
46.68
46.17
58.14
45.11
49.16
43.08
55.75
41.84
42.22
47.38
54.95
49.84
44.88
46.15
44.82
45.76
43.16
50.06
54.55
45.07
164.39
60.26
55.49
42.64
46.02
53.4
54.68
49.55
70.23
34.05
48.64
50.5
43.64
36.36
43.13
39.62
42.61
44.5
44.19
48.03
37.36
38.32
56.34
47.61
48.09
28.63
55.08
44.34
44.15
38.35
43.77
40.28
42.08
42.61
55.43
42.38
47.86
62.17
42.71
44.0
38.48
47.43
47.16
53.84
36.37
46.75
40.61
41.29
41.21
44.97
42.93
44.92
42.74
47.91
45.15
53.04
49.25
45.91
33.13
47.73
42.34
41.96
41.02



//////SERVICE10

Power Regression: 
1128.60 x^ -0.34  (R^2 = 0.622)

-------------RESULTS----------------
        Measured        Predicted

          171.76          139.59
          113.90          121.86
          114.26          110.66
          83.79          102.69
          82.03          97.99
          93.23          92.87
          80.24          87.73
          83.10          85.14
          82.43          82.10
          77.54          79.46
          103.18          77.13

-------------VALIDATION----------------

Selected Memory: 768 MB
.................... ................................................................................Successfully wrote to the file.

        Predicted        Validated

          121.86          138.56

Session Time: 9 dk


5386.88
119.13
86.95
122.9
78.65
114.55
132.32
139.31
85.85
79.04
88.33
104.78
95.66
77.21
101.3
119.1
67.32
165.32
130.91
96.53
76.83
87.19
58.4
85.27
62.76
71.98
80.79
167.88
77.01
59.62
151.74
58.55
71.86
60.72
84.7
58.88
72.83
122.99
120.89
60.21
85.6
81.51
52.88
69.52
56.45
64.84
59.83
52.78
74.08
48.57
87.52
61.35
61.01
113.59
181.49
120.33
66.35
52.86
72.62
65.3
67.85
85.44
67.58
120.2
83.15
73.21
110.75
65.83
80.73
87.45
76.8
99.68
71.18
66.52
78.41
94.69
70.59
75.95
69.24
66.48
144.71
86.22
66.57
61.9
96.31
79.9
67.53
73.39
74.05
86.93
86.14
115.19
83.67
68.32
76.39
68.46
75.11
67.9
86.09
67.96


///////////////SERVICE11
Power Regression: 
850.85 x^ -0.31  (R^2 = 0.843)

-------------RESULTS----------------
        Measured        Predicted

          124.79          122.12
          117.06          107.65
          94.18          98.43
          79.23          91.83
          92.23          87.92
          76.85          83.64
          82.97          79.33
          70.70          77.15
          79.01          74.60
          72.52          72.36
          74.65          70.39

-------------VALIDATION----------------

Selected Memory: 1472 MB
....................................................................................................Successfully wrote to the file.

        Predicted        Validated

          87.92          72.30

Session Time: 8 dk

695.02
97.7
122.4
95.42
57.36
72.06
87.5
77.46
57.07
81.13
46.09
50.6
53.17
66.89
59.94
61.26
63.11
76.75
85.43
84.48
62.21
83.26
104.28
68.41
55.09
49.47
67.75
60.89
51.09
47.43
44.41
47.01
73.72
54.64
52.9
45.94
50.16
47.22
45.13
42.9
71.58
64.25
77.0
57.42
65.21
76.29
60.49
58.76
74.22
59.24
64.59
61.0
57.31
69.71
88.35
59.87
111.74
59.83
60.56
60.0
83.52
67.95
81.3
64.58
50.19
66.58
79.48
58.78
65.58
66.59
40.17
40.52
44.36
39.62
51.31
65.96
59.19
54.29
98.75
82.91
63.46
86.51
47.83
105.13
53.11
60.08
114.57
67.31
56.01
67.53
67.25
68.17
64.1
61.84
60.64
58.62
76.55
60.98
68.12
58.85



//////////////////////SERVICE12

Power Regression: 
328.38 x^ -0.26  (R^2 = 0.842)

-------------RESULTS----------------
        Measured        Predicted

          84.38          84.48
          95.56          78.43
          58.72          65.58
          54.27          59.06
          48.68          54.83
          45.38          51.76
          49.56          49.93
          50.97          47.90
          45.26          45.85
          44.15          44.80
          44.33          43.56
          42.40          42.48
          48.68          41.51

-------------VALIDATION----------------

Selected Memory: 2752 MB
....................................................................................................Successfully wrote to the file.

        Predicted        Validated

          42.48          42.39

Session Time: 9 dk

69.51
35.53
43.5
41.06
46.39
37.51
50.75
42.22
45.75
42.33
35.7
32.4
44.79
35.36
42.26
32.3
45.41
39.63
42.25
34.4
37.3
45.03
54.44
43.36
61.82
43.35
40.78
46.3
36.98
44.32
39.56
42.06
37.65
42.64
40.23
44.98
37.98
43.81
33.35
40.3
32.53
43.48
42.34
37.3
39.75
43.26
37.01
40.21
104.83
44.22
33.72
49.97
39.72
55.1
34.96
45.08
35.9
54.09
29.3
37.78
39.36
51.79
34.82
38.74
44.75
51.01
37.44
41.17
40.67
42.71
40.48
42.32
43.6
41.17
32.18
47.03
39.06
85.42
39.49
44.31
34.02
47.0
36.83
40.81
32.01
40.44
30.21
44.41
33.95
47.8
34.65
46.0
32.41
41.07
41.98
32.88
51.69
35.66
41.56
40.0



////////////////SERVICE13

Power Regression: 
324.15 x^ -0.18  (R^2 = 0.885)

-------------RESULTS----------------
        Measured        Predicted

          125.89          125.52
          123.16          119.17
          104.58          105.16
          93.06          97.74
          92.60          92.80
          91.57          89.13
          78.59          86.91
          88.01          84.43
          76.26          81.89
          76.22          80.57
          80.06          79.01
          88.22          77.63
          75.74          76.40

-------------VALIDATION----------------

Selected Memory: 2752 MB
....................................................................................................Successfully wrote to the file.

        Predicted        Validated

          77.63          69.08

Session Time: 9 dk

146.55
80.67
73.57
91.4
76.84
76.44
62.42
78.59
84.11
74.26
60.95
59.19
100.43
63.29
90.38
64.19
87.28
68.36
84.22
61.17
64.4
85.3
64.37
58.52
53.95
63.71
56.66
65.11
65.14
69.39
72.49
59.07
70.31
74.47
78.29
57.22
66.02
96.3
57.42
93.92
100.71
68.64
62.26
81.2
61.39
61.23
84.57
71.54
59.05
68.41
55.79
58.09
66.84
56.81
57.92
68.2
59.91
63.27
69.91
64.36
59.91
61.03
61.19
58.74
61.65
68.61
62.51
63.62
62.68
78.68
57.01
58.0
71.29
79.38
77.99
63.98
70.14
62.13
82.12
72.77
81.5
57.86
68.2
54.34
55.31
59.9
65.0
52.7
70.87
69.51
59.33
67.97
63.83
59.7
58.98
63.53
73.68
57.82
63.75
73.99




////////////////SERVICE14

Power Regression: 
344.33 x^ -0.34  (R^2 = 0.644)

-------------RESULTS----------------
        Measured        Predicted

          65.36          59.16
          71.44          53.72
          42.22          42.59
          28.33          37.18
          24.76          33.76
          25.31          31.33
          25.85          29.90
          26.14          28.33
          24.44          26.77
          25.34          25.97
          29.39          25.05
          38.71          24.24
          25.62          23.53

-------------VALIDATION----------------

Selected Memory: 1728 MB
....................................................................................................Successfully wrote to the file.

        Predicted        Validated

          28.33          24.97

Session Time: 9 dk

40.77
21.98
25.55
22.91
24.52
36.58
31.91
19.39
24.47
16.03
20.79
16.83
26.56
23.83
19.81
19.48
25.35
45.77
46.34
19.0
24.35
19.14
23.82
23.78
27.89
27.24
24.38
20.25
30.27
19.19
27.1
24.34
27.14
21.18
20.55
18.61
24.56
29.41
20.28
23.73
26.42
26.49
20.52
24.69
28.76
20.34
28.57
16.03
29.7
21.98
24.93
19.35
25.05
23.5
20.21
19.21
27.51
21.22
22.24
21.34
20.46
18.21
25.85
44.88
20.74
21.92
24.39
22.08
22.01
19.67
24.5
14.44
24.83
18.35
24.92
16.68
23.09
22.78
30.39
19.56
22.96
18.55
23.79
24.54
30.22
22.27
24.53
20.48
20.35
20.25
25.46
19.14
23.75
55.96
26.88
30.35
24.08
22.34
24.04
23.79




///////////////////SERVICE15

Power Regression: 
9497.75 x^ -0.63  (R^2 = 0.961)

-------------RESULTS----------------
        Measured        Predicted

          347.14          339.12
          349.81          282.60
          166.24          182.12
          120.40          140.85
          103.12          117.37
          93.62          101.89
          82.95          93.25
          79.39          84.24
          78.57          75.64
          71.00          71.46
          76.90          66.73
          64.49          62.72
          67.20          59.28

-------------VALIDATION----------------

Selected Memory: 512 MB
....................................................................................................Successfully wrote to the file.

        Predicted        Validated

          182.12          115.30

Session Time: 10 dk

132,02
156,64
147,06
102,02
137,99
107,48
76,34
169,2
133,09
118,75
111,51
113
146,28
161,26
161,71
116,3
96,38
104,2
181,03
132,98
72,01
134,42
99,68
90,18
102,78
83,58
101,64
177,09
73,11
81,23
87,74
162,24
58,3
88,23
63,21
107,64
68,59
58,45
104,61
69,34
125,3
72,98
55,29
68,71
169,31
54,77
66,38
54,34
81,06
63,84
55,13
58,71
73
58,2
171,21
87,29
124,65
66,28
72,95
47,85
52,52
55,53
68,13
116,54
52,74
83,24
46,53
101,75
50,43
58,67
59,55
54,7
46,87
65,75
93,13
54,88
62,37
74,93
106,73
83,39
56,41
62,58
77
89,68
127,23
80,56
62,22
57,9
82,74
65,26
57,06
63,02
53,38
70,1
80,82
55,87
63,37
66,71
58,85
137,92



//////////////SERVICE16

Power Regression: 
12908.35 x^ -0.66  (R^2 = 0.927)

-------------RESULTS----------------
        Measured        Predicted

          440.40          397.47
          400.68          328.54
          190.70          207.64
          130.57          158.76
          120.79          131.23
          98.78          113.20
          81.53          103.20
          86.09          92.81
          72.59          82.93
          73.99          78.16
          87.14          72.75
          86.36          68.20
          78.79          64.30

-------------VALIDATION----------------

Selected Memory: 192 MB
....................................................................................................Successfully wrote to the file.

        Predicted        Validated

          397.47          1411.07

Session Time: 12 dk


543.13
507.22
853.34
504.57
593.14
290.93
427.61
505.12
490.41
502.54
502.62
459.15
402.53
642.23
739.54
481.4
415.05
431.42
580.43
323.03
469.86
515.2
496.06
433.14
840.05
597.47
496.21
310.33
301.8
444.86
542.75
426.92
536.54
418.47
402.98
502.59
691.93
433.74
769.23
827.01
345.47
362.25
334.15
530.98
415.11
403.47
444.31
813.03
541.37
552.25
309.17
369.44
445.9
578.39
445.08
541.33
408.01
468.23
476.23
605.56
493.27
710.31
829.36
448.2
388.82
315.81
414.52
463.13
489.23
696.89
412.79
686.59
250.52
418.47
383.61
493.59
405.26
513.7
507.88
266.63
505.62
476.83
403.23
424.59
716.45
380.68
313.85
320.66
644.49
389.7
257.45
353.68
789.3
413.18
609.04
556.75
363.41
284.79
515.84
506.94



/////////////SERVICE17
Power Regression: 
6319.53 x^ -0.52  (R^2 = 0.865)

-------------RESULTS----------------
        Measured        Predicted

          442.91          346.40
          239.87          240.96
          162.21          194.86
          150.94          167.61
          130.67          149.13
          114.17          138.60
          117.69          127.44
          115.41          116.59
          105.27          111.24
          118.44          105.12
          106.03          99.88
          125.20          95.33

-------------VALIDATION----------------

Selected Memory: 256 MB
....................................................................................................Successfully wrote to the file.

        Predicted        Validated

          346.40          540.87

Session Time: 10 dk

421.7
736.04
766.82
506.25
366.76
427.71
338.91
564.26
361.41
345.1
548.41
429.83
332.53
575.14
443.79
323.78
432.52
563.51
331.94
305.46
310.41
393.74
314.59
248.39
404.47
501.99
443.04
894.58
501.81
718.0
490.4
422.61
405.17
326.42
307.99
270.65
570.71
839.59
451.61
368.58
377.38
375.9
453.17
395.74
402.08
292.0
344.25
431.29
486.7
481.36
518.23
418.0
515.24
687.1
469.64
869.65
433.35
313.5
309.57
435.91
360.11
282.03
831.65
661.88
428.85
664.03
953.2
948.0
558.89
952.15
799.45
526.15
893.68
677.94
344.71
737.62
560.46
438.89
316.81
426.98
267.0
308.43
547.54
397.15
519.17
338.15
622.25
555.71
612.38
342.03
288.52
284.62
433.45
666.84
534.02
576.93
601.31
212.43
648.29
831.11




/////////////////SERVICE18

Power Regression: 
5422.62 x^ -0.55  (R^2 = 0.931)

-------------RESULTS----------------
        Measured        Predicted

          288.29          253.37
          182.45          172.76
          126.93          138.09
          100.78          117.80
          94.57          104.14
          88.33          96.40
          88.23          88.23
          69.96          80.32
          72.63          76.44
          80.76          72.01
          73.80          68.23
          77.08          64.95

-------------VALIDATION----------------

Selected Memory: 1728 MB
....................................................................................................Successfully wrote to the file.

        Predicted        Validated

          88.23          74.62

Session Time: 9 dk

92,89
88,88
86,05
68,66
64,98
68,58
72,02
89,87
71,82
57,69
63,07
74,45
63,36
61,86
75,24
60,43
52,48
74,32
78,53
70,69
76,01
72,13
78,76
94,89
60,04
69,48
62,96
77,92
78,84
66,29
70,16
65,15
86,13
78,94
65,58
72,83
62,96
48,43
60,19
42,07
61,96
47,77
53,18
52,16
51,19
61,06
43,61
49,99
59,7
53,89
62,04
50,69
67,71
46,21
83,66
66,52
86,48
74,08
61,24
89,41
70,51
90,36
70,9
58,35
90,24
68,71
61,01
67,5
72,6
66,18
62
69,26
61,12
77,74
64,24
73,19
95,6
71,46
70,14
77,93
80,27
66,59
73,04
62,88
63,53
61,3
57,71
63,33
56,7
66,22
65,72
70,1
62,13
68,37
72,73
91,89
66,64
68,39
62,67
74,29



//////////////SERVICE19


Power Regression: 
7912.06 x^ -0.56  (R^2 = 0.913)

-------------RESULTS----------------
        Measured        Predicted

          438.93          357.38
          244.75          242.65
          175.12          193.48
          130.31          164.76
          124.17          145.45
          124.10          134.53
          116.60          123.00
          113.50          111.87
          104.73          106.40
          114.27          100.16
          104.68          94.85
          101.28          90.25

-------------VALIDATION----------------

Selected Memory: 256 MB
....................................................................................................Successfully wrote to the file.

        Predicted        Validated

          357.38          576.46

Session Time: 10 dk

454.87
473.45
404.26
472.04
383.61
471.67
329.56
661.85
314.15
333.8
437.71
535.06
342.81
532.38
443.39
373.68
434.32
494.98
511.44
253.21
309.41
393.79
333.4
321.26
464.7
453.93
486.01
901.69
591.24
458.74
532.58
470.71
865.77
925.43
520.98
434.32
377.23
484.17
769.08
264.71
463.53
245.11
253.09
355.67
503.93
553.44
705.75
657.85
379.02
722.05
447.36
475.58
440.31
371.42
401.0
470.66
735.21
497.0
326.82
644.3
542.87
263.91
263.99
480.74
493.1
466.21
954.59
664.79
533.73
871.26
727.48
718.66
790.48
398.13
298.62
255.61
305.64
609.7
656.06
478.43
401.52
471.45
269.78
687.48
573.69
383.38
344.11
707.18
715.33
318.79
729.76
445.89
435.8
594.38
434.73
319.43
430.97
548.76
724.58
968.39




//////////////SERVICE20

Power Regression: 
6801.86 x^ -0.54  (R^2 = 0.893)

-------------RESULTS----------------
        Measured        Predicted

          420.33          343.97
          243.22          236.87
          165.83          190.43
          139.12          163.11
          129.90          144.65
          112.54          134.17
          120.76          123.08
          99.72          112.32
          105.25          107.04
          122.35          100.98
          104.79          95.81
          107.20          91.33

-------------VALIDATION----------------

Selected Memory: 2752 MB
....................................................................................................Successfully wrote to the file.

        Predicted        Validated

          95.81          109.66

Session Time: 9 dk

264.06
227.42
94.43
99.07
110.13
91.61
100.92
91.49
101.16
89.17
105.08
109.16
110.6
116.89
99.55
119.55
105.99
101.33
141.83
116.45
116.96
92.43
118.35
118.12
95.96
103.99
102.58
97.6
119.76
124.36
102.57
113.84
98.39
145.6
130.69
87.48
103.52
93.15
188.7
137.11
103.34
103.06
100.87
90.97
114.31
143.64
84.84
97.01
116.11
164.59
114.91
89.68
93.81
109.85
131.16
93.46
95.47
103.84
79.64
87.49
93.61
66.73
95.57
87.26
77.73
90.75
128.51
82.73
78.31
94.79
100.85
125.47
110.61
332.03
106.03
102.37
109.17
124.09
92.55
88.41
95.25
92.93
98.91
124.4
90.32
90.04
94.34
108.13
117.45
89.28
82.36
90.69
139.0
96.76
104.54
92.36
88.9
97.08
89.03
91.47


///////////////////SERVICE21

Power Regression: 
5653.40 x^ -0.55  (R^2 = 0.895)

-------------RESULTS----------------
        Measured        Predicted

          320.78          271.36
          198.82          185.66
          133.15          148.69
          102.46          127.02
          102.40          112.41
          98.97          104.13
          74.36          95.37
          84.11          86.90
          91.82          82.74
          86.64          77.98
          84.12          73.92
          78.64          70.40

-------------VALIDATION----------------

Selected Memory: 768 MB
....................................................................................................Successfully wrote to the file.

        Predicted        Validated

          148.69          100.37

Session Time: 9 dk

251.4
264.41
210.89
139.03
110.86
57.84
68.6
114.52
114.39
98.11
105.38
71.96
115.0
166.41
96.0
110.12
83.59
105.81
148.32
98.1
95.64
98.66
122.26
139.55
82.42
82.24
80.37
149.17
91.97
75.17
85.85
64.87
72.65
69.33
144.91
74.22
70.63
63.77
69.91
52.9
87.23
227.7
115.16
62.12
110.77
60.63
84.64
79.04
63.59
67.93
82.42
67.11
58.99
63.98
122.43
167.19
149.64
75.37
77.12
66.6
66.03
80.78
87.1
70.48
61.23
73.89
80.1
74.52
77.86
85.9
64.64
62.41
65.1
71.59
64.85
94.89
54.57
51.76
81.51
46.71
58.28
49.53
71.09
71.11
58.52
78.52
50.29
51.77
73.33
56.75
48.11
59.66
47.56
66.4
78.44
97.7
64.54
92.6
70.16
69.57



//////////////SERVICE22

Power Regression: 
668.17 x^ -0.26  (R^2 = 0.536)

-------------RESULTS----------------
        Measured        Predicted

          158.02          133.14
          127.93          119.89
          101.10          111.29
          92.28          105.05
          85.59          101.32
          86.67          97.21
          82.13          93.03
          88.34          90.90
          104.31          88.39
          88.08          86.19
          102.23          84.23

-------------VALIDATION----------------

Selected Memory: 2048 MB
....................................................................................................Successfully wrote to the file.

        Predicted        Validated

          93.03          97.68

Session Time: 9 dk

81.28
103.07
92.66
100.23
85.31
78.42
90.0
97.46
94.67
87.22
78.29
79.62
81.95
86.76
96.29
96.5
79.8
68.98
77.53
117.6
68.8
91.91
57.2
77.58
75.91
67.69
65.24
64.29
69.99
68.41
60.78
76.59
70.14
92.05
82.55
70.94
78.31
86.7
76.29
95.26
77.61
104.24
70.55
79.26
86.53
73.42
84.61
79.24
74.6
69.68
85.43
69.61
85.17
71.74
216.65
68.58
56.23
71.82
66.25
60.99
98.31
72.65
76.13
70.58
64.52
55.46
54.18
61.11
67.4
74.09
77.3
67.0
67.55
69.78
71.07
50.0
80.26
76.04
72.87
92.91
73.21
70.03
81.53
90.53
78.38
68.42
76.64
69.08
76.46
74.28
74.44
75.5
74.68
76.93
78.58
72.29
96.01
81.63
69.58
67.77



/////////////SERVICE23

Power Regression: 
906.27 x^ -0.32  (R^2 = 0.648)

-------------RESULTS----------------
        Measured        Predicted

          105.17          119.97
          126.23          105.19
          102.73          95.82
          94.25          89.14
          81.64          85.19
          75.60          80.88
          70.09          76.54
          64.96          74.35
          60.88          71.79
          71.49          69.55
          86.52          67.57

-------------VALIDATION----------------

Selected Memory: 1024 MB
....................................................................................................Successfully wrote to the file.

        Predicted        Validated

          95.82          78.45

Session Time: 9 dk

125.85
171.37
166.06
109.99
78.83
62.45
48.52
106.55
79.03
68.61
78.69
59.89
78.11
61.24
73.86
88.82
62.75
97.5
112.51
69.02
72.43
68.39
90.85
70.35
55.05
71.22
117.79
172.91
62.75
61.8
60.07
80.19
58.88
55.24
62.75
43.49
47.39
42.32
47.39
66.1
52.22
43.05
63.23
162.8
47.31
44.03
58.96
62.67
53.49
49.16
51.26
53.03
43.92
58.21
138.45
69.92
126.74
53.21
64.02
61.44
64.91
58.05
80.31
59.67
57.88
63.89
58.26
59.49
74.03
84.14
63.87
81.37
82.95
63.08
83.1
49.68
44.44
45.13
83.1
54.22
49.96
120.7
53.77
47.28
61.22
70.04
58.17
36.86
41.23
52.66
38.83
41.99
41.97
61.97
52.75
43.33
97.41
60.94
79.88
57.92



////////////SERVICE24


Power Regression: 
311.22 x^ -0.14  (R^2 = 0.677)

-------------RESULTS----------------
        Measured        Predicted

          156.94          142.63
          119.60          129.38
          125.28          122.21
          110.76          117.36
          102.51          113.73
          104.17          111.52
          110.15          109.03
          102.12          106.45
          120.78          105.12
          103.20          103.53
          106.96          102.12
          100.23          100.85

-------------VALIDATION----------------

Selected Memory: 512 MB
....................................................................................................Successfully wrote to the file.

        Predicted        Validated

          129.38          104.94

Session Time: 9 dk

402.81
92.06
95.53
100.2
117.9
103.6
249.83
92.87
90.41
97.95
93.89
219.48
90.76
99.6
86.8
109.23
86.44
98.09
86.12
108.07
105.13
102.83
90.71
110.55
92.54
99.15
98.25
89.43
85.64
108.83
81.98
98.77
98.0
99.59
97.3
103.32
93.54
96.39
94.28
103.57
88.06
94.54
105.99
117.52
98.74
111.39
114.74
94.61
138.65
148.33
122.61
106.94
94.68
112.37
91.74
101.0
98.09
144.01
106.64
98.49
107.17
96.07
100.92
111.17
89.11
103.17
99.99
89.4
99.94
94.34
108.25
88.9
108.54
93.37
92.91
100.52
92.83
105.48
101.89
108.29
82.79
86.63
90.96
79.49
87.41
86.59
103.68
94.79
97.92
84.24
95.09
99.98
93.23
91.77
105.45
89.62
98.5
95.08
93.92
84.07



///////////////SERVICE25

Power Regression: 
125.85 x^ -0.15  (R^2 = 0.727)

-------------RESULTS----------------
        Measured        Predicted

          51.66          55.22
          58.18          49.82
          46.22          46.91
          44.00          44.94
          41.45          43.48
          41.73          42.58
          41.50          41.58
          36.11          40.55
          39.52          40.01
          39.71          39.37
          41.34          38.80
          39.74          38.30

-------------VALIDATION----------------

Selected Memory: 1728 MB
....................................................................................................Successfully wrote to the file.

        Predicted        Validated

          41.58          37.48

Session Time: 8 dk

72.34
42.86
41.44
37.25
41.13
28.37
75.64
46.51
38.94
35.35
44.72
39.41
46.98
45.21
43.31
45.14
37.11
24.77
41.47
36.06
39.84
32.0
37.31
26.7
39.01
35.27
31.84
34.4
39.16
27.58
36.04
41.06
37.39
35.02
41.55
44.18
39.52
28.5
46.46
34.53
41.8
29.32
36.44
31.89
41.02
38.0
37.17
32.56
35.78
35.72
46.53
44.63
27.46
49.84
28.3
57.6
36.79
32.27
33.3
47.18
33.31
48.81
30.25
36.25
30.37
39.91
24.88
39.89
27.85
36.06
30.58
37.22
25.8
39.18
28.35
38.49
35.43
44.09
33.66
44.95
34.75
39.91
27.1
38.79
24.83
39.32
38.83
38.27
26.82
38.31
38.67
37.4
30.27
37.23
28.25
34.24
29.85
41.45
27.45
35.53







